2 0.810937 0.587500 0.062500 0.037500
3 0.639844 0.506250 0.048438 0.028125
0 0.796094 0.589063 0.020313 0.021875
2 0.686719 0.654687 0.039062 0.081250
1 0.685156 0.632031 0.020313 0.020313
1 0.667188 0.587500 0.031250 0.031250
1 0.664844 0.547656 0.026562 0.026562
3 0.685156 0.528906 0.026562 0.020313
1 0.362500 0.550000 0.028125 0.025000
1 0.360156 0.587500 0.026562 0.028125
2 0.440625 0.568750 0.115625 0.065625
2 0.582031 0.569531 0.114062 0.067187
2 0.499219 0.509375 0.045312 0.025000
1 0.589844 0.515625 0.010937 0.012500
1 0.592187 0.501563 0.009375 0.012500
1 0.607812 0.500781 0.009375 0.010937
