1 0.396094 0.377344 0.032813 0.023438
1 0.032813 0.450000 0.028125 0.018750
1 0.129688 0.457813 0.021875 0.015625
1 0.250781 0.435156 0.023438 0.017188
1 0.324219 0.431250 0.023438 0.018750
1 0.358594 0.415625 0.029687 0.025000
1 0.821875 0.392188 0.025000 0.018750
1 0.858594 0.390625 0.026562 0.018750
1 0.894531 0.387500 0.026562 0.018750
0 0.081250 0.376563 0.018750 0.012500
1 0.103125 0.374219 0.018750 0.017188
0 0.225000 0.439063 0.025000 0.018750
0 0.146094 0.456250 0.060937 0.021875
0 0.239844 0.454688 0.073438 0.015625
0 0.862500 0.395313 0.121875 0.037500
1 0.396094 0.396875 0.010937 0.009375
1 0.408594 0.396875 0.010937 0.009375
2 0.404687 0.407813 0.034375 0.034375
4 0.362500 0.431250 0.031250 0.009375
