1 0.047656 0.611719 0.032813 0.026562
1 0.219531 0.569531 0.054688 0.042188
1 0.036719 0.530469 0.060937 0.045312
2 0.781250 0.369531 0.415625 0.195312
1 0.596094 0.580469 0.039062 0.032813
1 0.473438 0.492188 0.062500 0.050000
1 0.859375 0.725000 0.040625 0.031250
1 0.042969 0.682813 0.023438 0.018750
1 0.047656 0.635156 0.029687 0.023438
1 0.648438 0.575781 0.037500 0.029687
0 0.982812 0.643750 0.034375 0.106250
3 0.043750 0.706250 0.025000 0.021875
2 0.717969 0.487500 0.379688 0.128125
4 0.473438 0.530469 0.059375 0.029687
4 0.218750 0.602344 0.059375 0.029687
0 0.857031 0.669531 0.045312 0.054688
1 0.042969 0.662500 0.026562 0.025000
1 0.098437 0.717187 0.025000 0.018750
0 0.073438 0.699219 0.021875 0.014063
0 0.147656 0.662500 0.032813 0.037500
1 0.726562 0.701562 0.028125 0.021875
1 0.727344 0.672656 0.026562 0.017188
1 0.728906 0.651563 0.026562 0.021875
1 0.695312 0.656250 0.025000 0.018750
2 0.475781 0.480469 0.085938 0.135937
