3 0.173148 0.702778 0.092593 0.068056
2 0.397222 0.552083 0.464815 0.222222
3 0.822685 0.693750 0.069444 0.062500
4 0.819444 0.755903 0.081481 0.065972
4 0.818056 0.819792 0.078704 0.067361
2 0.634259 0.854167 0.042593 0.065278
3 0.440278 0.865278 0.028704 0.020833
3 0.441667 0.889583 0.035185 0.022222
4 0.170370 0.768403 0.088889 0.071528
4 0.168519 0.834028 0.081481 0.069444
0 0.692130 0.732986 0.071296 0.049306
3 0.600926 0.727431 0.074074 0.053472
1 0.120370 0.898611 0.022222 0.018056
2 0.660648 0.888542 0.030556 0.022917
