1 0.512760 0.413194 0.038021 0.048611
1 0.555208 0.410764 0.037500 0.046528
1 0.513281 0.467014 0.035937 0.049306
1 0.555469 0.523958 0.040104 0.049306
2 0.323698 0.493750 0.128646 0.180556
1 0.513281 0.524653 0.034896 0.042361
1 0.598958 0.413194 0.032292 0.041667
4 0.599479 0.494792 0.035417 0.102083
2 0.706250 0.468403 0.137500 0.177083
2 0.816146 0.529861 0.044792 0.086111
2 0.811979 0.627431 0.052083 0.103472
0 0.812760 0.706597 0.051562 0.047917
4 0.817187 0.742014 0.041667 0.024306
1 0.554948 0.467361 0.031771 0.044444
