2 0.564063 0.746632 0.056250 0.016989
3 0.611328 0.734915 0.036719 0.020504
1 0.653906 0.734915 0.021875 0.016989
1 0.716016 0.791740 0.022656 0.018161
2 0.438672 0.772994 0.100781 0.045108
2 0.431641 0.804335 0.063281 0.018746
3 0.426563 0.818688 0.050000 0.012302
1 0.231250 0.820152 0.018750 0.012888
3 0.252344 0.823374 0.017188 0.007616
1 0.459766 0.731693 0.022656 0.017575
1 0.739062 0.816052 0.010937 0.017575
2 0.530469 0.463972 0.453125 0.208553
4 0.716406 0.819566 0.034375 0.035149
4 0.654687 0.746046 0.018750 0.008787
