1 0.492708 0.291995 0.093750 0.108924
1 0.819271 0.469160 0.071875 0.085302
1 0.897396 0.454724 0.073958 0.085302
1 0.959375 0.351050 0.077083 0.082677
1 0.912500 0.549869 0.075000 0.089239
1 0.833333 0.562992 0.072917 0.089239
1 0.881771 0.365486 0.071875 0.082677
1 0.421354 0.672572 0.065625 0.077428
1 0.806771 0.379265 0.069792 0.081365
1 0.968229 0.442257 0.061458 0.083990
2 0.235937 0.412073 0.190625 0.238845
1 0.978125 0.535433 0.043750 0.089239
2 0.512500 0.567585 0.106250 0.405512
2 0.232292 0.677165 0.081250 0.081365
3 0.210417 0.791995 0.029167 0.032808
