2 0.811719 0.625347 0.051562 0.104861
1 0.555208 0.411458 0.036458 0.046528
2 0.705990 0.465625 0.138021 0.178472
2 0.814063 0.530556 0.043750 0.086111
2 0.322917 0.493403 0.133333 0.175694
1 0.512760 0.466319 0.034896 0.045139
1 0.554948 0.464931 0.036979 0.045139
1 0.555469 0.521875 0.036979 0.049306
1 0.513542 0.411806 0.035417 0.047222
1 0.598698 0.411111 0.035937 0.044444
0 0.813802 0.704167 0.048438 0.055556
1 0.513021 0.522569 0.034375 0.047917
4 0.600781 0.496528 0.041146 0.102778
4 0.816927 0.740278 0.042188 0.023611
