1 0.434853 0.403543 0.037459 0.053806
1 0.433632 0.343832 0.038274 0.055118
1 0.394951 0.403543 0.035831 0.053806
2 0.781352 0.358268 0.166938 0.160105
1 0.191368 0.290682 0.035831 0.053806
1 0.691775 0.454724 0.026873 0.040682
1 0.395358 0.343176 0.036645 0.053806
1 0.691368 0.498031 0.027687 0.040682
1 0.691368 0.543307 0.029316 0.047244
1 0.248371 0.546588 0.040717 0.059055
2 0.549267 0.356299 0.129479 0.156168
1 0.582248 0.549869 0.035831 0.052493
1 0.842427 0.382546 0.026873 0.043307
2 0.282166 0.352362 0.139251 0.169291
1 0.233713 0.408136 0.022801 0.039370
1 0.336319 0.410105 0.019544 0.035433
1 0.500814 0.409449 0.016287 0.031496
1 0.600570 0.410105 0.021987 0.030184
1 0.692590 0.613517 0.026873 0.043307
1 0.413681 0.553150 0.037459 0.056430
1 0.132329 0.538058 0.023616 0.047244
1 0.131515 0.500000 0.021987 0.041995
1 0.133143 0.456037 0.021987 0.043307
2 0.656759 0.355643 0.048046 0.154856
1 0.133958 0.609580 0.025244 0.043307
