3 0.855736 0.089971 0.154114 0.085546
1 0.800116 0.584071 0.038239 0.047198
2 0.744496 0.269912 0.406721 0.306785
1 0.801275 0.639381 0.035921 0.042773
1 0.756663 0.640118 0.037080 0.047198
1 0.755504 0.582596 0.039397 0.050147
1 0.708575 0.581858 0.035921 0.045723
1 0.497103 0.544248 0.023175 0.029499
3 0.753766 0.581858 0.163384 0.205015
1 0.379490 0.550885 0.022016 0.025074
1 0.274044 0.556785 0.022016 0.030973
4 0.122827 0.549410 0.125145 0.069322
4 0.309386 0.558997 0.097335 0.041298
4 0.415991 0.548673 0.106605 0.044248
4 0.527810 0.542035 0.107764 0.048673
