1 0.361719 0.293750 0.314063 0.337500
1 0.483594 0.628125 0.123438 0.134375
1 0.266406 0.303125 0.067187 0.078125
1 0.360938 0.306250 0.068750 0.071875
1 0.457031 0.301563 0.054688 0.081250
1 0.459375 0.396094 0.068750 0.073438
1 0.361719 0.395313 0.060937 0.071875
1 0.269531 0.394531 0.067187 0.076563
1 0.448437 0.630469 0.021875 0.029687
1 0.485156 0.632031 0.020313 0.026562
1 0.520312 0.632812 0.021875 0.028125
1 0.520312 0.667969 0.021875 0.029687
1 0.484375 0.667188 0.021875 0.028125
1 0.449219 0.667188 0.020313 0.031250
